26
0 1 12000.0 16000.0
1 2 21524.0 24879.0
1 3 22337.0 17915.0
1 4 7642.0 9722.0
1 5 3707.0 20036.0
1 6 15492.0 2721.0
1 7 12430.0 10638.0
1 8 13595.0 1918.0
1 9 4290.0 2721.0
1 10 18684.0 5268.0
1 11 8686.0 9546.0
1 12 23140.0 10989.0
1 13 5263.0 14289.0
1 14 19557.0 17564.0
1 15 23281.0 29684.0
1 16 374.0 22683.0
1 17 18804.0 9082.0
1 18 5444.0 25004.0
1 19 20390.0 25745.0
1 20 4310.0 21692.0
2 21 8526.0 2495.0
2 22 9795.0 21510.0
2 23 7758.0 10895.0
2 24 12927.0 2464.0
2 25 23286.0 5538.0
2 26 7416.0 15826.0
5 2550.0
2 483.0
3 389.0
4 435.0
5 452.0
6 343.0
7 444.0
8 350.0
9 307.0
10 810.0
11 1002.0
12 476.0
13 674.0
14 691.0
15 675.0
16 410.0
17 351.0
18 786.0
19 59.0
20 362.0
21 550.0
22 549.0
23 558.0
24 851.0
25 388.0
26 194.0
