31
0 1 12000.0 16000.0
1 2 2011.0 8053.0
1 3 14930.0 16046.0
1 4 12059.0 22809.0
1 5 20229.0 18078.0
1 6 19838.0 15720.0
1 7 4882.0 8944.0
1 8 18152.0 14829.0
1 9 20952.0 939.0
1 10 23170.0 18442.0
1 11 997.0 7677.0
1 12 3838.0 24076.0
1 13 21785.0 12332.0
1 14 23903.0 563.0
1 15 15733.0 27639.0
1 16 4450.0 5945.0
1 17 11186.0 7301.0
1 18 9931.0 7827.0
1 19 12701.0 23875.0
1 20 8726.0 5130.0
2 21 1048.0 889.0
2 22 11753.0 14521.0
2 23 18478.0 343.0
2 24 8902.0 17909.0
2 25 4164.0 17244.0
2 26 21409.0 23706.0
2 27 13118.0 5136.0
2 28 23848.0 6905.0
2 29 8721.0 15199.0
2 30 14724.0 3467.0
2 31 882.0 7119.0
5 2600.0
2 633.0
3 140.0
4 783.0
5 802.0
6 289.0
7 391.0
8 303.0
9 659.0
10 759.0
11 151.0
12 229.0
13 424.0
14 439.0
15 423.0
16 361.0
17 701.0
18 534.0
19 609.0
20 313.0
21 897.0
22 513.0
23 823.0
24 413.0
25 349.0
26 557.0
27 595.0
28 685.0
29 702.0
30 562.0
31 29.0
