41
0 1 12000.0 16000.0
1 2 16646.0 13173.0
1 3 8626.0 10036.0
1 4 8606.0 5406.0
1 5 19979.0 19722.0
1 6 22578.0 5795.0
1 7 10403.0 17539.0
1 8 2804.0 12382.0
1 9 8526.0 17187.0
1 10 14016.0 23474.0
1 11 18623.0 1579.0
1 12 315.0 6937.0
1 13 21464.0 13536.0
1 14 2573.0 20902.0
1 15 21464.0 6497.0
1 16 13314.0 3762.0
1 17 22970.0 23813.0
1 18 706.0 13122.0
1 19 6538.0 17689.0
1 20 5414.0 17551.0
2 21 656.0 2006.0
2 22 2849.0 18260.0
2 23 9645.0 3819.0
2 24 23858.0 21824.0
2 25 19191.0 20895.0
2 26 12224.0 27445.0
2 27 4285.0 8963.0
2 28 14804.0 10469.0
2 29 23748.0 18850.0
2 30 5820.0 7206.0
2 31 15768.0 10945.0
2 32 7708.0 22476.0
2 33 15025.0 5902.0
2 34 19110.0 2062.0
2 35 8129.0 24283.0
2 36 14322.0 12012.0
2 37 5339.0 26918.0
2 38 16129.0 27934.0
2 39 17404.0 4546.0
2 40 22965.0 24647.0
2 41 6724.0 7470.0
5 2600.0
2 621.0
3 631.0
4 773.0
5 287.0
6 278.0
7 678.0
8 687.0
9 143.0
10 347.0
11 842.0
12 412.0
13 509.0
14 833.0
15 312.0
16 352.0
17 594.0
18 522.0
19 294.0
20 698.0
21 180.0
22 413.0
23 519.0
24 514.0
25 454.0
26 456.0
27 893.0
28 388.0
29 400.0
30 456.0
31 523.0
32 420.0
33 413.0
34 421.0
35 615.0
36 614.0
37 886.0
38 752.0
39 371.0
40 376.0
41 422.0
