39
0 1 12000.0 16000.0
1 2 5645.0 24076.0
1 3 12651.0 24239.0
1 4 3728.0 23699.0
1 5 5986.0 11491.0
1 6 23823.0 1830.0
1 7 2674.0 17225.0
1 8 9891.0 15807.0
1 9 6779.0 24440.0
1 10 2945.0 4289.0
1 11 22859.0 16046.0
1 12 19366.0 25142.0
1 13 7682.0 5569.0
1 14 3748.0 16497.0
1 15 13384.0 6096.0
1 16 20330.0 6748.0
1 17 20872.0 625.0
1 18 13846.0 23850.0
1 19 10423.0 2420.0
1 20 676.0 6021.0
1 21 10804.0 24302.0
1 22 21133.0 11040.0
1 23 1871.0 19358.0
1 24 20300.0 7300.0
1 25 12812.0 1290.0
1 26 14066.0 23110.0
1 27 23622.0 12658.0
1 28 19095.0 25983.0
1 29 15351.0 6987.0
1 30 4260.0 14753.0
2 31 15853.0 27363.0
2 32 4967.0 2049.0
2 33 9504.0 26955.0
2 34 10458.0 4509.0
2 35 20556.0 8035.0
2 36 23758.0 6981.0
2 37 11712.0 3016.0
2 38 19652.0 15073.0
2 39 17725.0 3342.0
12 1700.0
2 556.0
3 464.0
4 512.0
5 326.0
6 814.0
7 510.0
8 620.0
9 581.0
10 486.0
11 675.0
12 746.0
13 149.0
14 562.0
15 553.0
16 490.0
17 428.0
18 664.0
19 534.0
20 637.0
21 422.0
22 574.0
23 631.0
24 1000.0
25 525.0
26 289.0
27 643.0
28 378.0
29 539.0
30 424.0
31 565.0
32 235.0
33 527.0
34 435.0
35 732.0
36 428.0
37 801.0
38 362.0
39 688.0
