46
0 1 12000.0 16000.0
1 2 1620.0 9521.0
1 3 17529.0 5945.0
1 4 17720.0 1930.0
1 5 5022.0 15807.0
1 6 7552.0 2144.0
1 7 19306.0 13800.0
1 8 11918.0 8907.0
1 9 17570.0 13624.0
1 10 22990.0 19823.0
1 11 3808.0 27840.0
1 12 9429.0 3110.0
1 13 6508.0 9973.0
1 14 11547.0 17250.0
1 15 6367.0 2758.0
1 16 22147.0 29935.0
1 17 7733.0 19898.0
1 18 9680.0 9471.0
1 19 15442.0 13950.0
1 20 14528.0 13724.0
1 21 9700.0 28442.0
1 22 5002.0 11529.0
1 23 18925.0 16108.0
1 24 22187.0 224.0
1 25 23743.0 20651.0
1 26 9971.0 8467.0
1 27 4711.0 24628.0
1 28 9017.0 4126.0
1 29 14036.0 11215.0
1 30 12199.0 15331.0
2 31 8696.0 23850.0
2 32 16822.0 18649.0
2 33 269.0 1987.0
2 34 4084.0 28411.0
2 35 17032.0 20544.0
2 36 23436.0 8185.0
2 37 14382.0 23354.0
2 38 1384.0 23932.0
2 39 2307.0 807.0
2 40 8079.0 21171.0
2 41 15768.0 3907.0
2 42 18448.0 4986.0
2 43 16531.0 22865.0
2 44 6503.0 11774.0
2 45 15697.0 18511.0
2 46 19311.0 16441.0
4 5225.0
2 316.0
3 727.0
4 270.0
5 588.0
6 775.0
7 174.0
8 586.0
9 846.0
10 248.0
11 138.0
12 511.0
13 608.0
14 325.0
15 211.0
16 651.0
17 293.0
18 426.0
19 396.0
20 399.0
21 276.0
22 933.0
23 294.0
24 764.0
25 783.0
26 851.0
27 706.0
28 745.0
29 601.0
30 783.0
31 430.0
32 319.0
33 510.0
34 520.0
35 319.0
36 318.0
37 388.0
38 653.0
39 870.0
40 475.0
41 528.0
42 539.0
43 488.0
44 198.0
45 323.0
46 592.0
