61
0 1 12000.0 16000.0
1 2 7140.0 18467.0
1 3 2182.0 3850.0
1 4 5293.0 18179.0
1 5 19587.0 20839.0
1 6 1178.0 26046.0
1 7 16064.0 26661.0
1 8 11316.0 10111.0
1 9 20240.0 3612.0
1 10 4440.0 28681.0
1 11 12390.0 25657.0
1 12 20932.0 19622.0
1 13 21002.0 15268.0
1 14 5103.0 11065.0
1 15 3055.0 15531.0
1 16 21755.0 1403.0
1 17 10613.0 10149.0
1 18 15341.0 18241.0
1 19 23953.0 11679.0
1 20 1961.0 349.0
1 21 324.0 3649.0
1 22 22769.0 5255.0
1 23 15542.0 28794.0
1 24 21725.0 1604.0
1 25 2272.0 10814.0
1 26 15562.0 17150.0
1 27 13153.0 22269.0
1 28 20661.0 20462.0
1 29 4671.0 16334.0
1 30 5615.0 8969.0
2 31 5524.0 6447.0
2 32 17534.0 15977.0
2 33 18799.0 21748.0
2 34 16972.0 10782.0
2 35 23938.0 25349.0
2 36 219.0 5600.0
2 37 9183.0 12852.0
2 38 14061.0 6039.0
2 39 9283.0 5701.0
2 40 8932.0 18323.0
2 41 10357.0 23492.0
2 42 7196.0 17181.0
2 43 23296.0 27495.0
2 44 7427.0 9013.0
2 45 10357.0 8185.0
2 46 7848.0 28725.0
2 47 6292.0 16303.0
2 48 7738.0 22539.0
2 49 21499.0 12150.0
2 50 4897.0 25889.0
2 51 18307.0 16642.0
2 52 21901.0 14120.0
2 53 7256.0 20255.0
2 54 9534.0 23191.0
2 55 23095.0 13731.0
2 56 13951.0 28624.0
2 57 3943.0 17721.0
2 58 10076.0 6203.0
2 59 8691.0 22438.0
2 60 19923.0 21272.0
2 61 23597.0 19063.0
7 3000.0
2 607.0
3 516.0
4 158.0
5 776.0
6 263.0
7 367.0
8 674.0
9 631.0
10 533.0
11 527.0
12 599.0
13 203.0
14 101.0
15 798.0
16 338.0
17 475.0
18 713.0
19 584.0
20 488.0
21 474.0
22 418.0
23 283.0
24 453.0
25 177.0
26 340.0
27 492.0
28 431.0
29 789.0
30 673.0
31 617.0
32 549.0
33 541.0
34 549.0
35 547.0
36 541.0
37 611.0
38 677.0
39 497.0
40 299.0
41 347.0
42 968.0
43 120.0
44 421.0
45 547.0
46 416.0
47 797.0
48 903.0
49 609.0
50 634.0
51 941.0
52 753.0
53 333.0
54 606.0
55 348.0
56 561.0
57 323.0
58 148.0
59 618.0
60 434.0
61 772.0
