58
0 1 12000.0 16000.0
1 2 5856.0 23988.0
1 3 12581.0 24503.0
1 4 3938.0 23963.0
1 5 6197.0 11755.0
1 6 23753.0 1742.0
1 7 2603.0 17137.0
1 8 9820.0 15720.0
1 9 6709.0 24352.0
1 10 3156.0 4201.0
1 11 22789.0 16309.0
1 12 19577.0 25054.0
1 13 7612.0 5833.0
1 14 3677.0 16761.0
1 15 13595.0 6360.0
1 16 20260.0 7012.0
1 17 21083.0 538.0
1 18 13775.0 23762.0
1 19 10634.0 2332.0
1 20 606.0 5933.0
1 21 10734.0 24214.0
1 22 21344.0 10952.0
1 23 2081.0 19622.0
1 24 20229.0 7213.0
1 25 12741.0 1203.0
1 26 13996.0 23022.0
1 27 23833.0 12922.0
1 28 19306.0 25895.0
1 29 15281.0 6899.0
1 30 4189.0 14666.0
1 31 15783.0 27275.0
1 32 9730.0 17024.0
1 33 6247.0 26347.0
1 34 3818.0 1278.0
1 35 14388.0 17727.0
1 36 3396.0 25644.0
1 37 21253.0 14239.0
1 38 777.0 27903.0
1 39 7261.0 29321.0
1 40 12480.0 6447.0
1 41 1038.0 15971.0
1 42 6960.0 19233.0
1 43 6578.0 17100.0
1 44 877.0 4477.0
1 45 4932.0 15883.0
2 46 10824.0 20312.0
2 47 22493.0 15550.0
2 48 14754.0 25876.0
2 49 19682.0 18963.0
2 50 18036.0 6617.0
2 51 22473.0 1021.0
2 52 16882.0 2589.0
2 53 17404.0 12200.0
2 54 10639.0 19051.0
2 55 15226.0 13242.0
2 56 21178.0 1874.0
2 57 2056.0 24446.0
2 58 23145.0 16842.0
5 5300.0
2 556.0
3 469.0
4 309.0
5 322.0
6 814.0
7 517.0
8 623.0
9 581.0
10 484.0
11 672.0
12 748.0
13 146.0
14 569.0
15 548.0
16 487.0
17 428.0
18 657.0
19 532.0
20 642.0
21 419.0
22 567.0
23 634.0
24 1005.0
25 523.0
26 292.0
27 647.0
28 378.0
29 539.0
30 424.0
31 567.0
32 567.0
33 669.0
34 364.0
35 202.0
36 766.0
37 510.0
38 327.0
39 752.0
40 384.0
41 866.0
42 496.0
43 212.0
44 809.0
45 331.0
46 479.0
47 431.0
48 446.0
49 443.0
50 369.0
51 377.0
52 491.0
53 371.0
54 548.0
55 782.0
56 296.0
57 559.0
58 490.0
