69
0 1 12000.0 16000.0
1 2 7030.0 19584.0
1 3 4782.0 23750.0
1 4 10955.0 26949.0
1 5 4099.0 18568.0
1 6 12892.0 12470.0
1 7 6769.0 1868.0
1 8 5083.0 4189.0
1 9 16857.0 16297.0
1 10 4260.0 261.0
1 11 14920.0 15820.0
1 12 2523.0 28304.0
1 13 5725.0 12909.0
1 14 16746.0 27401.0
1 15 17690.0 20651.0
1 16 15452.0 25042.0
1 17 7160.0 22746.0
1 18 14809.0 19534.0
1 19 2694.0 1755.0
1 20 7763.0 9095.0
1 21 8776.0 1203.0
1 22 10342.0 21855.0
1 23 6107.0 4176.0
1 24 15351.0 25506.0
1 25 23030.0 23323.0
1 26 15241.0 18706.0
1 27 15823.0 12257.0
1 28 2393.0 29321.0
1 29 13534.0 14151.0
1 30 17399.0 25481.0
1 31 20019.0 11742.0
1 32 4782.0 5230.0
1 33 16184.0 18380.0
1 34 4992.0 27225.0
1 35 6588.0 17326.0
1 36 10413.0 28982.0
1 37 19436.0 21403.0
1 38 13916.0 8631.0
1 39 11426.0 13699.0
1 40 7743.0 24565.0
1 41 11186.0 7915.0
1 42 8064.0 15092.0
1 43 22709.0 16610.0
1 44 8104.0 7727.0
1 45 3045.0 22959.0
2 46 23893.0 952.0
2 47 4405.0 23028.0
2 48 20807.0 3179.0
2 49 1595.0 26792.0
2 50 23808.0 13919.0
2 51 4385.0 8499.0
2 52 22935.0 9891.0
2 53 23316.0 19678.0
2 54 16691.0 26705.0
2 55 21138.0 20720.0
2 56 3231.0 9528.0
2 57 7968.0 1924.0
2 58 5198.0 24496.0
2 59 18699.0 14559.0
2 60 21168.0 16955.0
2 61 15587.0 18750.0
2 62 1645.0 22865.0
2 63 9384.0 5237.0
2 64 17063.0 17394.0
2 65 10207.0 24320.0
2 66 17785.0 6679.0
2 67 4666.0 7269.0
2 68 2669.0 26065.0
2 69 3582.0 4559.0
4 7100.0
2 294.0
3 308.0
4 449.0
5 565.0
6 354.0
7 355.0
8 561.0
9 421.0
10 422.0
11 509.0
12 486.0
13 387.0
14 102.0
15 184.0
16 222.0
17 470.0
18 200.0
19 371.0
20 575.0
21 453.0
22 707.0
23 269.0
24 539.0
25 358.0
26 625.0
27 679.0
28 318.0
29 575.0
30 954.0
31 205.0
32 501.0
33 306.0
34 707.0
35 236.0
36 508.0
37 548.0
38 461.0
39 590.0
40 522.0
41 501.0
42 1030.0
43 649.0
44 347.0
45 567.0
46 811.0
47 1033.0
48 445.0
49 449.0
50 570.0
51 383.0
52 488.0
53 370.0
54 550.0
55 382.0
56 700.0
57 959.0
58 492.0
59 253.0
60 468.0
61 411.0
62 595.0
63 580.0
64 401.0
65 522.0
66 457.0
67 177.0
68 300.0
69 496.0
