91
0 1 12000.0 16000.0
1 2 10272.0 7075.0
1 3 5103.0 22545.0
1 4 8285.0 6962.0
1 5 22649.0 9710.0
1 6 4310.0 14653.0
1 7 18985.0 15356.0
1 8 14588.0 28894.0
1 9 23301.0 22482.0
1 10 7572.0 17288.0
1 11 15311.0 14352.0
1 12 23923.0 8405.0
1 13 264.0 3787.0
1 14 8234.0 29672.0
1 15 5976.0 4226.0
1 16 746.0 19835.0
1 17 13394.0 28668.0
1 18 18192.0 7200.0
1 19 3156.0 374.0
1 20 4952.0 18932.0
1 21 3186.0 22169.0
1 22 1620.0 24214.0
1 23 18463.0 17489.0
1 24 716.0 20387.0
1 25 5334.0 29333.0
1 26 18413.0 6109.0
1 27 16355.0 10964.0
1 28 23652.0 9245.0
1 29 7733.0 5205.0
1 30 8746.0 27928.0
1 31 8445.0 25494.0
1 32 14217.0 399.0
1 33 22558.0 24477.0
1 34 8234.0 14364.0
1 35 6909.0 15770.0
1 36 7743.0 8643.0
1 37 13986.0 12545.0
1 38 5334.0 10814.0
1 39 23923.0 27539.0
1 40 16967.0 19270.0
1 41 17349.0 14101.0
1 42 11657.0 2319.0
1 43 23100.0 15142.0
1 44 5504.0 17476.0
1 45 21384.0 14189.0
2 46 15381.0 3574.0
2 47 8892.0 6203.0
2 48 13399.0 1309.0
2 49 6011.0 9879.0
2 50 16330.0 12313.0
2 51 9012.0 21849.0
2 52 15386.0 8198.0
2 53 3873.0 2940.0
2 54 9073.0 24571.0
2 55 1625.0 3894.0
2 56 19542.0 7658.0
2 57 12666.0 15362.0
2 58 21720.0 22539.0
2 59 23326.0 27558.0
2 60 13620.0 15262.0
2 61 20144.0 1661.0
2 62 18026.0 21083.0
2 63 13871.0 18059.0
2 64 9374.0 15525.0
2 65 14623.0 7407.0
2 66 10307.0 4722.0
2 67 9294.0 20619.0
2 68 19120.0 24019.0
2 69 7858.0 17470.0
2 70 10598.0 19377.0
2 71 21349.0 19402.0
2 72 6894.0 25613.0
2 73 12164.0 16717.0
2 74 6654.0 18862.0
2 75 14633.0 331.0
2 76 8450.0 5174.0
2 77 15296.0 20368.0
2 78 10508.0 19452.0
2 79 621.0 7570.0
2 80 11823.0 7570.0
2 81 5288.0 12940.0
2 82 10197.0 4960.0
2 83 15627.0 26692.0
2 84 5048.0 17671.0
2 85 18177.0 9653.0
2 86 18036.0 21309.0
2 87 23406.0 12564.0
2 88 359.0 21046.0
2 89 17715.0 25726.0
2 90 21499.0 23016.0
2 91 11994.0 10054.0
7 4000.0
2 709.0
3 421.0
4 665.0
5 671.0
6 767.0
7 666.0
8 778.0
9 731.0
10 435.0
11 427.0
12 301.0
13 503.0
14 318.0
15 300.0
16 641.0
17 177.0
18 817.0
19 489.0
20 185.0
21 571.0
22 318.0
23 383.0
24 551.0
25 77.0
26 840.0
27 390.0
28 531.0
29 93.0
30 370.0
31 915.0
32 520.0
33 619.0
34 317.0
35 154.0
36 517.0
37 264.0
38 877.0
39 299.0
40 532.0
41 413.0
42 445.0
43 562.0
44 360.0
45 83.0
46 425.0
47 586.0
48 595.0
49 798.0
50 725.0
51 325.0
52 236.0
53 919.0
54 502.0
55 137.0
56 250.0
57 316.0
58 637.0
59 406.0
60 617.0
61 362.0
62 342.0
63 335.0
64 753.0
65 475.0
66 609.0
67 323.0
68 851.0
69 650.0
70 432.0
71 785.0
72 311.0
73 280.0
74 824.0
75 1101.0
76 334.0
77 577.0
78 577.0
79 684.0
80 515.0
81 346.0
82 692.0
83 721.0
84 864.0
85 773.0
86 573.0
87 435.0
88 968.0
89 657.0
90 816.0
91 602.0
