95
0 1 12000.0 16000.0
1 2 17108.0 11792.0
1 3 5815.0 19873.0
1 4 3015.0 26723.0
1 5 11256.0 22081.0
1 6 10935.0 19459.0
1 7 19768.0 12420.0
1 8 9108.0 18743.0
1 9 11979.0 4590.0
1 10 14267.0 22181.0
1 11 16164.0 11504.0
1 12 18794.0 27991.0
1 13 12812.0 15983.0
1 14 15000.0 4302.0
1 15 6900.0 1466.0
1 16 19687.0 9509.0
1 17 2212.0 10952.0
1 18 1027.0 11566.0
1 19 3868.0 27702.0
1 20 23964.0 8693.0
1 21 16074.0 4540.0
1 22 8526.0 28668.0
1 23 19246.0 14904.0
1 24 19517.0 10237.0
1 25 18011.0 11792.0
1 26 1389.0 10650.0
1 27 16927.0 8116.0
1 28 18523.0 28831.0
1 29 20480.0 17401.0
1 30 15512.0 2558.0
1 31 9088.0 22382.0
1 32 8877.0 19873.0
1 33 11376.0 6761.0
1 34 15070.0 19082.0
1 35 7622.0 13097.0
1 36 2473.0 28405.0
1 37 2593.0 24565.0
1 38 11958.0 15619.0
1 39 706.0 24603.0
1 40 11768.0 9120.0
1 41 6307.0 26209.0
1 42 18352.0 6861.0
1 43 23953.0 12294.0
1 44 375.0 7062.0
1 45 10132.0 26385.0
1 46 21865.0 8204.0
1 47 17539.0 21215.0
1 48 4189.0 7627.0
1 49 2523.0 9785.0
1 50 10955.0 3988.0
1 51 17640.0 6058.0
1 52 11386.0 25506.0
1 53 19376.0 22156.0
1 54 21514.0 9960.0
1 55 11868.0 11868.0
1 56 9860.0 15745.0
1 57 305.0 18191.0
1 58 17439.0 10814.0
1 59 12681.0 24038.0
1 60 12069.0 23034.0
1 61 5765.0 12583.0
1 62 10624.0 21240.0
1 63 7974.0 27263.0
1 64 5344.0 2771.0
1 65 23652.0 20726.0
1 66 12962.0 26636.0
1 67 9359.0 6234.0
1 68 2142.0 29998.0
1 69 17861.0 27313.0
1 70 12912.0 11692.0
1 71 5293.0 6698.0
1 72 14358.0 29760.0
1 73 566.0 17740.0
1 74 22367.0 21805.0
1 75 7672.0 12997.0
2 76 5886.0 16397.0
2 77 15547.0 18725.0
2 78 7768.0 29026.0
2 79 19100.0 28624.0
2 80 3171.0 9666.0
2 81 17715.0 26341.0
2 82 19632.0 29929.0
2 83 22001.0 2790.0
2 84 8290.0 5161.0
2 85 18498.0 8449.0
2 86 15366.0 970.0
2 87 17675.0 3706.0
2 88 15296.0 23580.0
2 89 6212.0 9565.0
2 90 7005.0 17721.0
2 91 18438.0 16240.0
2 92 12506.0 19791.0
2 93 16611.0 14910.0
2 94 6302.0 5048.0
2 95 11763.0 25613.0
6 8200.0
2 732.0
3 639.0
4 684.0
5 903.0
6 192.0
7 487.0
8 199.0
9 557.0
10 462.0
11 255.0
12 523.0
13 727.0
14 343.0
15 324.0
16 664.0
17 404.0
18 237.0
19 109.0
20 416.0
21 796.0
22 947.0
23 409.0
24 777.0
25 499.0
26 463.0
27 418.0
28 755.0
29 720.0
30 393.0
31 342.0
32 539.0
33 445.0
34 545.0
35 579.0
36 743.0
37 286.0
38 500.0
39 920.0
40 556.0
41 440.0
42 469.0
43 585.0
44 583.0
45 507.0
46 452.0
47 558.0
48 422.0
49 288.0
50 247.0
51 444.0
52 276.0
53 375.0
54 654.0
55 840.0
56 539.0
57 581.0
58 271.0
59 554.0
60 612.0
61 701.0
62 906.0
63 576.0
64 501.0
65 331.0
66 753.0
67 715.0
68 604.0
69 669.0
70 812.0
71 362.0
72 515.0
73 521.0
74 875.0
75 920.0
76 842.0
77 295.0
78 190.0
79 593.0
80 529.0
81 653.0
82 509.0
83 433.0
84 877.0
85 481.0
86 386.0
87 343.0
88 384.0
89 571.0
90 623.0
91 715.0
92 655.0
93 723.0
94 423.0
95 143.0
