114
0 1 12000.0 16000.0
1 2 21133.0 26347.0
1 3 937.0 7815.0
1 4 13304.0 18492.0
1 5 12501.0 17765.0
1 6 3206.0 19145.0
1 7 2854.0 15845.0
1 8 7361.0 25644.0
1 9 907.0 15406.0
1 10 18503.0 6648.0
1 11 11216.0 29710.0
1 12 4731.0 20023.0
1 13 13986.0 11930.0
1 14 7201.0 3900.0
1 15 13916.0 4804.0
1 16 17589.0 16673.0
1 17 15351.0 21679.0
1 18 5193.0 26297.0
1 19 22849.0 15820.0
1 20 9830.0 638.0
1 21 17178.0 400.0
1 22 656.0 28179.0
1 23 2473.0 18154.0
1 24 17630.0 17313.0
1 25 7080.0 22432.0
1 26 5484.0 25293.0
1 27 12119.0 26498.0
1 28 4601.0 21040.0
1 29 21795.0 13173.0
1 30 7572.0 1980.0
1 31 16244.0 25895.0
1 32 6920.0 26861.0
1 33 375.0 17313.0
1 34 19095.0 3637.0
1 35 2744.0 1391.0
1 36 12761.0 20525.0
1 37 3838.0 20249.0
1 38 4230.0 15306.0
1 39 7793.0 28028.0
1 40 9740.0 16021.0
1 41 19236.0 7025.0
1 42 22307.0 21328.0
1 43 19005.0 500.0
1 44 10312.0 29095.0
1 45 11306.0 21981.0
1 46 14066.0 7802.0
1 47 556.0 24201.0
1 48 2373.0 14791.0
1 49 15662.0 20864.0
1 50 15120.0 18718.0
1 51 12621.0 24176.0
1 52 21534.0 17451.0
1 53 20480.0 18016.0
1 54 13645.0 9471.0
1 55 19095.0 15117.0
1 56 8255.0 22821.0
1 57 13374.0 28831.0
1 58 21534.0 25105.0
1 59 7873.0 12068.0
1 60 22147.0 15243.0
1 61 6799.0 8354.0
1 62 2684.0 20663.0
1 63 15130.0 425.0
1 64 3386.0 10111.0
1 65 12651.0 1278.0
1 66 17268.0 11190.0
1 67 4480.0 24528.0
1 68 12149.0 22119.0
1 69 19105.0 22997.0
1 70 5183.0 11378.0
1 71 12380.0 10124.0
1 72 12330.0 6661.0
1 73 13494.0 28204.0
1 74 2603.0 6272.0
1 75 2724.0 1554.0
2 76 15823.0 8430.0
2 77 520.0 15073.0
2 78 16952.0 25287.0
2 79 3933.0 24797.0
2 80 11933.0 6102.0
2 81 2689.0 22689.0
2 82 4817.0 26190.0
2 83 6834.0 28963.0
2 84 17334.0 1246.0
2 85 3472.0 4797.0
2 86 270.0 27231.0
2 87 2789.0 29879.0
2 88 340.0 19666.0
2 89 15186.0 5563.0
2 90 15908.0 13982.0
2 91 3271.0 12413.0
2 92 21268.0 15876.0
2 93 1584.0 10908.0
2 94 15206.0 1309.0
2 95 20877.0 21786.0
2 96 20154.0 5098.0
2 97 23266.0 5701.0
2 98 10759.0 3731.0
2 99 19361.0 12865.0
2 100 9032.0 2551.0
2 101 19421.0 4459.0
2 102 13760.0 6817.0
2 103 10478.0 519.0
2 104 23657.0 22752.0
2 105 2648.0 22401.0
2 106 12807.0 25437.0
2 107 6543.0 29967.0
2 108 4064.0 20920.0
2 109 8701.0 14396.0
2 110 19933.0 14459.0
2 111 19592.0 26077.0
2 112 10568.0 11924.0
2 113 1615.0 26014.0
2 114 22613.0 19101.0
8 5200.0
2 572.0
3 478.0
4 524.0
5 239.0
6 827.0
7 430.0
8 433.0
9 294.0
10 695.0
11 789.0
12 558.0
13 56.0
14 577.0
15 861.0
16 305.0
17 739.0
18 675.0
19 648.0
20 453.0
21 329.0
22 382.0
23 544.0
24 415.0
25 636.0
26 898.0
27 557.0
28 190.0
29 253.0
30 630.0
31 480.0
32 582.0
33 182.0
34 580.0
35 513.0
36 580.0
37 426.0
38 737.0
39 663.0
40 394.0
41 380.0
42 505.0
43 526.0
44 621.0
45 441.0
46 691.0
47 496.0
48 659.0
49 626.0
50 485.0
51 578.0
52 509.0
53 518.0
54 293.0
55 380.0
56 573.0
57 125.0
58 711.0
59 890.0
60 849.0
61 40.0
62 343.0
63 114.0
64 542.0
65 666.0
66 391.0
67 449.0
68 637.0
69 409.0
70 649.0
71 498.0
72 551.0
73 265.0
74 317.0
75 661.0
76 679.0
77 794.0
78 890.0
79 294.0
80 428.0
81 362.0
82 608.0
83 737.0
84 174.0
85 387.0
86 483.0
87 440.0
88 480.0
89 268.0
90 722.0
91 409.0
92 755.0
93 220.0
94 729.0
95 640.0
96 585.0
97 33.0
98 489.0
99 732.0
100 184.0
101 510.0
102 219.0
103 692.0
104 745.0
105 642.0
106 311.0
107 507.0
108 470.0
109 442.0
110 561.0
111 390.0
112 147.0
113 506.0
114 578.0
