151
0 1 12000.0 16000.0
1 2 10202.0 6987.0
1 3 5032.0 22457.0
1 4 8214.0 6874.0
1 5 22578.0 9622.0
1 6 4240.0 14917.0
1 7 19196.0 15268.0
1 8 14518.0 28806.0
1 9 23231.0 22395.0
1 10 7502.0 17552.0
1 11 15241.0 14264.0
1 12 23853.0 8317.0
1 13 275.0 3699.0
1 14 8164.0 29935.0
1 15 5906.0 4139.0
1 16 957.0 20099.0
1 17 13605.0 28932.0
1 18 18403.0 7112.0
1 19 3085.0 287.0
1 20 5163.0 19195.0
1 21 3115.0 22432.0
1 22 1831.0 24126.0
1 23 18393.0 17752.0
1 24 646.0 20299.0
1 25 5263.0 29597.0
1 26 18623.0 6021.0
1 27 16285.0 10876.0
1 28 23582.0 9157.0
1 29 7662.0 5117.0
1 30 8676.0 27840.0
1 31 8375.0 25406.0
1 32 14147.0 311.0
1 33 22488.0 24389.0
1 34 8164.0 14628.0
1 35 6839.0 15682.0
1 36 7953.0 8555.0
1 37 13916.0 12457.0
1 38 5263.0 11077.0
1 39 23853.0 27451.0
1 40 16897.0 19534.0
1 41 17560.0 14013.0
1 42 11587.0 2231.0
1 43 23030.0 15055.0
1 44 5434.0 17388.0
1 45 21313.0 14101.0
1 46 15311.0 3486.0
1 47 16827.0 23888.0
1 48 9459.0 17865.0
1 49 13635.0 27765.0
1 50 4330.0 29534.0
1 51 16857.0 8643.0
1 52 16586.0 5657.0
1 53 6418.0 10048.0
1 54 14819.0 5419.0
1 55 11296.0 14716.0
1 56 15271.0 25807.0
1 57 11557.0 5996.0
1 58 10674.0 5832.0
1 59 12039.0 26799.0
1 60 17128.0 3361.0
1 61 16947.0 299.0
1 62 3788.0 16523.0
1 63 7261.0 29935.0
1 64 10613.0 13361.0
1 65 11045.0 8354.0
1 66 6337.0 21830.0
1 67 8857.0 9170.0
1 68 7341.0 10500.0
1 69 5183.0 15205.0
1 70 6217.0 7150.0
1 71 4721.0 9546.0
1 72 19487.0 9822.0
1 73 11818.0 5544.0
1 74 15602.0 17175.0
1 75 7030.0 15757.0
2 76 10945.0 26723.0
2 77 21278.0 27583.0
2 78 16631.0 26843.0
2 79 6603.0 15136.0
2 80 17665.0 14960.0
2 81 11271.0 20506.0
2 82 16320.0 12702.0
2 83 21610.0 4258.0
2 84 10889.0 25412.0
2 85 359.0 17219.0
2 86 23878.0 28699.0
2 87 5389.0 20130.0
2 88 6001.0 28787.0
2 89 23697.0 3292.0
2 90 3622.0 406.0
2 91 17976.0 17620.0
2 92 15035.0 9954.0
2 93 22483.0 23593.0
2 94 15025.0 2690.0
2 95 23406.0 11949.0
2 96 2026.0 14132.0
2 97 7707.0 3342.0
2 98 22403.0 20067.0
2 99 9996.0 17984.0
2 100 2729.0 26541.0
2 101 16250.0 17056.0
2 102 13509.0 8461.0
2 103 13218.0 20594.0
2 104 5178.0 1698.0
2 105 11301.0 19954.0
2 106 380.0 12037.0
2 107 21389.0 5350.0
2 108 21690.0 14822.0
2 109 5459.0 27257.0
2 110 19331.0 16015.0
2 111 22262.0 16416.0
2 112 16019.0 20782.0
2 113 10478.0 23480.0
2 114 10116.0 5262.0
2 115 4154.0 9365.0
2 116 399.0 5149.0
2 117 14111.0 24195.0
2 118 8771.0 25349.0
2 119 2819.0 29063.0
2 120 10548.0 12087.0
2 121 4957.0 13919.0
2 122 3331.0 795.0
2 123 6573.0 381.0
2 124 10538.0 27169.0
2 125 18488.0 8223.0
2 126 5830.0 6818.0
2 127 3171.0 28185.0
2 128 12204.0 5262.0
2 129 19020.0 21272.0
2 130 4305.0 27934.0
2 131 4646.0 8047.0
2 132 4144.0 21234.0
2 133 18307.0 8988.0
2 134 10227.0 20067.0
2 135 22754.0 14484.0
2 136 21549.0 29954.0
2 137 4385.0 15538.0
2 138 12475.0 27382.0
2 139 21810.0 2715.0
2 140 5017.0 16993.0
2 141 13569.0 26491.0
2 142 22242.0 5099.0
2 143 13850.0 17608.0
2 144 14583.0 26868.0
2 145 9615.0 26717.0
2 146 4124.0 28085.0
2 147 10910.0 14383.0
2 148 13720.0 14797.0
2 149 4275.0 1083.0
2 150 17876.0 21911.0
2 151 741.0 7558.0
10 4000.0
2 709.0
3 418.0
4 660.0
5 681.0
6 765.0
7 664.0
8 773.0
9 731.0
10 435.0
11 424.0
12 297.0
13 496.0
14 313.0
15 300.0
16 638.0
17 172.0
18 810.0
19 482.0
20 190.0
21 564.0
22 320.0
23 378.0
24 555.0
25 75.0
26 840.0
27 392.0
28 528.0
29 91.0
30 370.0
31 917.0
32 518.0
33 621.0
34 317.0
35 149.0
36 519.0
37 261.0
38 875.0
39 297.0
40 534.0
41 421.0
42 445.0
43 559.0
44 360.0
45 81.0
46 422.0
47 733.0
48 401.0
49 459.0
50 224.0
51 618.0
52 652.0
53 751.0
54 627.0
55 215.0
56 513.0
57 359.0
58 449.0
59 326.0
60 593.0
61 275.0
62 276.0
63 750.0
64 477.0
65 507.0
66 528.0
67 487.0
68 578.0
69 247.0
70 387.0
71 332.0
72 691.0
73 99.0
74 254.0
75 497.0
76 421.0
77 384.0
78 177.0
79 284.0
80 317.0
81 346.0
82 490.0
83 525.0
84 457.0
85 772.0
86 373.0
87 627.0
88 569.0
89 457.0
90 410.0
91 204.0
92 440.0
93 608.0
94 416.0
95 432.0
96 479.0
97 619.0
98 377.0
99 723.0
100 671.0
101 497.0
102 704.0
103 476.0
104 232.0
105 429.0
106 597.0
107 496.0
108 556.0
109 631.0
110 648.0
111 575.0
112 438.0
113 295.0
114 664.0
115 520.0
116 283.0
117 612.0
118 643.0
119 327.0
120 92.0
121 405.0
122 385.0
123 598.0
124 461.0
125 252.0
126 487.0
127 529.0
128 596.0
129 364.0
130 351.0
131 321.0
132 699.0
133 339.0
134 580.0
135 375.0
136 551.0
137 376.0
138 565.0
139 495.0
140 578.0
141 277.0
142 522.0
143 475.0
144 756.0
145 438.0
146 632.0
147 521.0
148 502.0
149 462.0
150 512.0
151 425.0
