126
0 1 12000.0 16000.0
1 2 13584.0 24302.0
1 3 5494.0 21077.0
1 4 5685.0 16711.0
1 5 16987.0 939.0
1 6 19517.0 17275.0
1 7 7552.0 28932.0
1 8 23883.0 23687.0
1 9 5534.0 28756.0
1 10 10955.0 4603.0
1 11 15773.0 12972.0
1 12 21394.0 18242.0
1 13 18473.0 25105.0
1 14 23512.0 2031.0
1 15 18332.0 17890.0
1 16 10111.0 14716.0
1 17 19979.0 5030.0
1 18 21645.0 24251.0
1 19 3406.0 29082.0
1 20 2493.0 28856.0
1 21 21665.0 13574.0
1 22 16967.0 26309.0
1 23 6889.0 1240.0
1 24 10152.0 15356.0
1 25 11708.0 5431.0
1 26 21936.0 23248.0
1 27 16676.0 9408.0
1 28 20982.0 18906.0
1 29 2282.0 26347.0
1 30 364.0 311.0
1 31 20661.0 8982.0
1 32 23441.0 25255.0
1 33 5002.0 663.0
1 34 11547.0 1943.0
1 35 7301.0 14302.0
1 36 5143.0 18392.0
1 37 8325.0 3423.0
1 38 20541.0 13436.0
1 39 12209.0 11115.0
1 40 2262.0 14415.0
1 41 23863.0 20023.0
1 42 15040.0 19634.0
1 43 23562.0 13762.0
1 44 2975.0 27313.0
1 45 15793.0 5155.0
1 46 6659.0 5933.0
1 47 5253.0 7639.0
1 48 18613.0 12834.0
1 49 20009.0 3863.0
1 50 7572.0 16673.0
1 51 17178.0 7439.0
1 52 13916.0 15669.0
1 53 967.0 1190.0
1 54 6237.0 7602.0
1 55 23512.0 28204.0
1 56 495.0 20864.0
1 57 18001.0 12181.0
1 58 13986.0 23411.0
1 59 12430.0 25331.0
1 60 14528.0 13110.0
1 61 11567.0 21529.0
1 62 19276.0 18794.0
1 63 19547.0 13511.0
1 64 19908.0 8154.0
1 65 17278.0 14628.0
1 66 9720.0 9145.0
1 67 9037.0 7790.0
1 68 4812.0 20337.0
1 69 23592.0 6171.0
1 70 21775.0 9509.0
1 71 17078.0 23210.0
1 72 4852.0 4703.0
1 73 18122.0 11554.0
1 74 19055.0 4578.0
1 75 7281.0 14465.0
1 76 8485.0 6648.0
1 77 13042.0 15469.0
1 78 13735.0 9396.0
1 79 15823.0 26949.0
1 80 3326.0 10864.0
1 81 20531.0 2608.0
1 82 17710.0 9007.0
1 83 6879.0 15707.0
1 84 1549.0 2395.0
1 85 4199.0 18718.0
1 86 19155.0 18806.0
1 87 16345.0 25431.0
1 88 15050.0 26284.0
1 89 224.0 18492.0
1 90 5966.0 23135.0
1 91 8114.0 11165.0
1 92 8285.0 7577.0
1 93 20782.0 16623.0
1 94 14036.0 7388.0
1 95 18362.0 17953.0
1 96 16586.0 20964.0
1 97 5484.0 28505.0
1 98 7823.0 16610.0
1 99 10985.0 1190.0
1 100 4410.0 22194.0
2 101 14789.0 8831.0
2 102 13760.0 6817.0
2 103 10478.0 519.0
2 104 23657.0 22752.0
2 105 2648.0 22401.0
2 106 12807.0 25437.0
2 107 6543.0 29967.0
2 108 4064.0 20920.0
2 109 8701.0 14396.0
2 110 19933.0 14459.0
2 111 19592.0 26077.0
2 112 10568.0 11924.0
2 113 1615.0 26014.0
2 114 22613.0 19101.0
2 115 13660.0 4070.0
2 116 6643.0 10983.0
2 117 17705.0 11422.0
2 118 9163.0 23881.0
2 119 219.0 8812.0
2 120 4887.0 3317.0
2 121 20164.0 16542.0
2 122 15898.0 14371.0
2 123 15868.0 25174.0
2 124 16771.0 3091.0
2 125 21871.0 25538.0
2 126 6292.0 5437.0
11 5200.0
2 515.0
3 329.0
4 671.0
5 592.0
6 579.0
7 776.0
8 587.0
9 445.0
10 443.0
11 737.0
12 507.0
13 414.0
14 731.0
15 812.0
16 248.0
17 487.0
18 425.0
19 997.0
20 798.0
21 680.0
22 532.0
23 695.0
24 162.0
25 387.0
26 52.0
27 505.0
28 344.0
29 404.0
30 382.0
31 628.0
32 332.0
33 533.0
34 725.0
35 467.0
36 527.0
37 775.0
38 489.0
39 811.0
40 351.0
41 530.0
42 657.0
43 667.0
44 968.0
45 196.0
46 236.0
47 444.0
48 11.0
49 972.0
50 434.0
51 329.0
52 458.0
53 667.0
54 443.0
55 529.0
56 322.0
57 671.0
58 263.0
59 646.0
60 596.0
61 788.0
62 695.0
63 869.0
64 689.0
65 416.0
66 540.0
67 200.0
68 594.0
69 158.0
70 194.0
71 646.0
72 305.0
73 618.0
74 467.0
75 202.0
76 631.0
77 377.0
78 348.0
79 479.0
80 171.0
81 861.0
82 441.0
83 468.0
84 323.0
85 451.0
86 749.0
87 565.0
88 482.0
89 355.0
90 72.0
91 575.0
92 261.0
93 976.0
94 403.0
95 498.0
96 248.0
97 502.0
98 548.0
99 533.0
100 50.0
101 543.0
102 219.0
103 692.0
104 745.0
105 642.0
106 311.0
107 507.0
108 470.0
109 442.0
110 561.0
111 390.0
112 147.0
113 506.0
114 578.0
115 529.0
116 598.0
117 427.0
118 352.0
119 543.0
120 610.0
121 419.0
122 496.0
123 408.0
124 576.0
125 665.0
126 597.0
