151
0 1 12000.0 16000.0
1 2 16967.0 11617.0
1 3 5956.0 19697.0
1 4 3155.0 26548.0
1 5 11396.0 21905.0
1 6 11075.0 19634.0
1 7 19908.0 12595.0
1 8 9248.0 18568.0
1 9 11838.0 4766.0
1 10 14408.0 22006.0
1 11 16024.0 11328.0
1 12 18654.0 27815.0
1 13 12952.0 16159.0
1 14 14859.0 4477.0
1 15 6759.0 1642.0
1 16 19547.0 9684.0
1 17 2352.0 11127.0
1 18 1168.0 11742.0
1 19 3728.0 27526.0
1 20 23823.0 8869.0
1 21 15933.0 4364.0
1 22 8385.0 28844.0
1 23 19105.0 14728.0
1 24 19376.0 10061.0
1 25 18152.0 11617.0
1 26 1248.0 10826.0
1 27 17068.0 8292.0
1 28 18382.0 29007.0
1 29 20621.0 17225.0
1 30 15371.0 2382.0
1 31 9228.0 22558.0
1 32 8736.0 20048.0
1 33 11517.0 6585.0
1 34 14929.0 19258.0
1 35 7763.0 12922.0
1 36 2613.0 28229.0
1 37 2734.0 24741.0
1 38 12099.0 15795.0
1 39 566.0 24779.0
1 40 11627.0 9296.0
1 41 6167.0 26033.0
1 42 18212.0 7037.0
1 43 23813.0 12118.0
1 44 234.0 7238.0
1 45 10272.0 26209.0
1 46 22006.0 8028.0
1 47 17680.0 21039.0
1 48 4049.0 7802.0
1 49 2382.0 9960.0
1 50 11095.0 4164.0
1 51 17499.0 5883.0
1 52 11246.0 25331.0
1 53 19236.0 22332.0
1 54 21374.0 9785.0
1 55 12009.0 12043.0
1 56 10001.0 15569.0
1 57 445.0 18016.0
1 58 17298.0 10638.0
1 59 12822.0 23863.0
1 60 11928.0 23210.0
1 61 5906.0 12407.0
1 62 10483.0 21065.0
1 63 7833.0 27087.0
1 64 5484.0 2947.0
1 65 23793.0 20550.0
1 66 13103.0 26460.0
1 67 9499.0 6410.0
1 68 2001.0 374.0
1 69 18001.0 27489.0
1 70 13053.0 11868.0
1 71 5434.0 6522.0
1 72 14217.0 29584.0
1 73 425.0 17564.0
1 74 22227.0 21981.0
1 75 7532.0 13173.0
1 76 5745.0 16573.0
1 77 7522.0 6523.0
1 78 5083.0 11843.0
1 79 4249.0 10701.0
1 80 12762.0 5833.0
1 81 2905.0 8706.0
1 82 21233.0 26497.0
1 83 7482.0 14151.0
1 84 22879.0 12407.0
1 85 22468.0 9860.0
1 86 10573.0 20989.0
1 87 4842.0 8919.0
1 88 556.0 20989.0
1 89 6669.0 24678.0
1 90 9278.0 10362.0
1 91 8505.0 9697.0
1 92 5404.0 17326.0
1 93 15120.0 7853.0
1 94 5524.0 9659.0
1 95 6648.0 1529.0
1 96 1881.0 16109.0
1 97 11999.0 4427.0
1 98 11206.0 3925.0
1 99 11165.0 29810.0
1 100 1600.0 2031.0
2 101 9198.0 349.0
2 102 1725.0 21949.0
2 103 22443.0 15651.0
2 104 11622.0 7533.0
2 105 14613.0 7181.0
2 106 771.0 10569.0
2 107 18508.0 15099.0
2 108 16029.0 5701.0
2 109 20666.0 29528.0
2 110 7898.0 29590.0
2 111 7557.0 11209.0
2 112 22533.0 27056.0
2 113 13861.0 10795.0
2 114 10578.0 3881.0
2 115 1625.0 19201.0
2 116 18608.0 26115.0
2 117 5670.0 26554.0
2 118 21409.0 9013.0
2 119 12465.0 23593.0
2 120 16852.0 18097.0
2 121 8410.0 1322.0
2 122 3863.0 29503.0
2 123 4114.0 9954.0
2 124 4736.0 18223.0
2 125 9835.0 10318.0
2 126 18257.0 20218.0
2 127 12606.0 23154.0
2 128 18578.0 11360.0
2 129 22262.0 8762.0
2 130 4626.0 26730.0
2 131 1976.0 18060.0
2 132 22413.0 12376.0
2 133 9725.0 11171.0
2 134 22724.0 3555.0
2 135 8260.0 9540.0
2 136 3994.0 6140.0
2 137 7979.0 3116.0
2 138 12867.0 25914.0
2 139 19211.0 12464.0
2 140 23637.0 8223.0
2 141 5058.0 28762.0
2 142 10809.0 18674.0
2 143 23427.0 12401.0
2 144 20817.0 3141.0
2 145 12997.0 14032.0
2 146 4586.0 26704.0
2 147 8099.0 24220.0
2 148 8129.0 5763.0
2 149 19833.0 3442.0
2 150 6232.0 5575.0
2 151 10107.0 2438.0
9 6600.0
2 734.0
3 648.0
4 684.0
5 903.0
6 187.0
7 490.0
8 195.0
9 357.0
10 457.0
11 250.0
12 525.0
13 720.0
14 340.0
15 328.0
16 667.0
17 402.0
18 240.0
19 109.0
20 414.0
21 796.0
22 943.0
23 406.0
24 777.0
25 501.0
26 465.0
27 418.0
28 752.0
29 913.0
30 398.0
31 538.0
32 546.0
33 448.0
34 545.0
35 577.0
36 748.0
37 290.0
38 498.0
39 927.0
40 558.0
41 445.0
42 469.0
43 583.0
44 579.0
45 510.0
46 452.0
47 558.0
48 420.0
49 284.0
50 249.0
51 446.0
52 272.0
53 382.0
54 652.0
55 840.0
56 534.0
57 585.0
58 276.0
59 549.0
60 617.0
61 701.0
62 908.0
63 576.0
64 505.0
65 329.0
66 753.0
67 710.0
68 602.0
69 674.0
70 805.0
71 353.0
72 519.0
73 525.0
74 882.0
75 918.0
76 842.0
77 495.0
78 769.0
79 195.0
80 581.0
81 175.0
82 456.0
83 381.0
84 132.0
85 364.0
86 765.0
87 279.0
88 497.0
89 667.0
90 482.0
91 485.0
92 871.0
93 485.0
94 812.0
95 614.0
96 662.0
97 814.0
98 758.0
99 848.0
100 261.0
101 254.0
102 820.0
103 291.0
104 344.0
105 244.0
106 714.0
107 311.0
108 267.0
109 638.0
110 362.0
111 594.0
112 548.0
113 307.0
114 382.0
115 335.0
116 394.0
117 631.0
118 755.0
119 341.0
120 206.0
121 417.0
122 693.0
123 606.0
124 577.0
125 268.0
126 396.0
127 738.0
128 709.0
129 577.0
130 264.0
131 334.0
132 410.0
133 352.0
134 292.0
135 589.0
136 268.0
137 190.0
138 482.0
139 711.0
140 491.0
141 290.0
142 434.0
143 490.0
144 878.0
145 451.0
146 147.0
147 334.0
148 420.0
149 680.0
150 628.0
151 239.0
